name;value
C1217;0.0
C1218;1.0
C1219;0.0
C1220;1.0
C1221;0.0
C1222;0.0
C1223;0.0
C1224;1.0
C1225;0.0
C1226;0.0
C1227;0.0
C1228;1.0
C1229;0.0
C1230;1.0
C1231;0.0
C1232;1.0
C1233;0.0
C1234;0.0
C1235;0.0
C1236;0.0
C1237;1.0
C1238;1.0
C1239;0.0
C1240;0.0
Z_FO;102.0
s[0,0,3];0.0
s[0,0,5];10.0
s[0,0,6];0.0
s[0,1,0];7.0
s[0,1,2];0.0
s[0,1,4];0.0
s[0,2,2];0.0
s[0,2,3];0.0
s[0,2,6];4.0
s[0,3,2];0.0
s[0,3,3];0.0
s[0,3,4];2.0
s[1,0,1];13.0
s[1,0,4];0.0
s[1,0,6];0.0
s[1,1,0];0.0
s[1,1,1];0.0
s[1,1,2];10.0
s[1,2,2];0.0
s[1,2,4];6.0
s[1,2,6];0.0
s[1,3,1];0.0
s[1,3,4];0.0
s[1,3,5];1.0
s[2,0,0];0.0
s[2,0,2];38.0
s[2,0,5];0.0
s[2,1,2];28.0
s[2,1,5];0.0
s[2,1,6];0.0
s[2,2,0];0.0
s[2,2,3];34.0
s[2,2,4];0.0
s[2,3,2];0.0
s[2,3,3];0.0
s[2,3,6];24.0
s[3,0,1];0.0
s[3,0,4];0.0
s[3,0,5];31.0
s[3,1,3];0.0
s[3,1,4];14.0
s[3,1,5];0.0
s[3,2,2];0.0
s[3,2,4];26.0
s[3,2,6];0.0
s[3,3,0];0.0
s[3,3,4];0.0
s[3,3,6];9.0
s[4,0,0];0.0
s[4,0,3];8.0
s[4,0,5];0.0
s[4,1,0];0.0
s[4,1,5];0.0
s[4,1,6];0.0
s[4,2,2];0.0
s[4,2,3];3.0
s[4,2,4];0.0
s[4,3,1];0.0
s[4,3,2];1.0
s[4,3,5];0.0
s[5,0,0];26.0
s[5,0,1];0.0
s[5,0,5];0.0
s[5,1,1];0.0
s[5,1,4];0.0
s[5,1,5];17.0
s[5,2,1];0.0
s[5,2,4];0.0
s[5,2,6];17.0
s[5,3,0];0.0
s[5,3,3];0.0
s[5,3,5];21.0
s[6,0,2];0.0
s[6,0,3];0.0
s[6,0,4];43.0
s[6,1,0];0.0
s[6,1,2];0.0
s[6,1,4];33.0
s[6,2,0];40.0
s[6,2,2];0.0
s[6,2,5];0.0
s[6,3,2];0.0
s[6,3,4];0.0
s[6,3,6];37.0
s[7,0,1];22.0
s[7,0,4];0.0
s[7,0,5];0.0
s[7,1,2];15.0
s[7,1,3];0.0
s[7,1,4];0.0
s[7,2,0];0.0
s[7,2,3];18.0
s[7,2,4];0.0
s[7,3,1];4.0
s[7,3,2];0.0
s[7,3,4];0.0
x[0,0,0,0];0.0
x[0,0,0,1];0.0
x[0,0,0,2];0.0
x[0,0,0,3];0.0
x[0,0,1,0];0.0
x[0,0,1,1];0.0
x[0,0,1,2];0.0
x[0,0,1,3];1.0
x[0,0,2,0];0.0
x[0,0,2,1];0.0
x[0,0,2,2];0.0
x[0,0,2,3];0.0
x[0,0,3,0];0.0
x[0,0,3,1];0.0
x[0,0,3,2];0.0
x[0,0,3,3];0.0
x[0,0,4,0];0.0
x[0,0,4,1];0.0
x[0,0,4,2];0.0
x[0,0,4,3];1.0
x[0,0,5,0];0.0
x[0,0,5,1];0.0
x[0,0,5,2];0.0
x[0,0,5,3];0.0
x[0,0,6,0];1.0
x[0,0,6,1];0.0
x[0,0,6,2];0.0
x[0,0,6,3];0.0
x[0,0,7,0];0.0
x[0,0,7,1];0.0
x[0,0,7,2];0.0
x[0,0,7,3];0.0
x[0,1,0,0];0.0
x[0,1,0,1];0.0
x[0,1,0,2];0.0
x[0,1,0,3];0.0
x[0,1,1,0];0.0
x[0,1,1,1];0.0
x[0,1,1,2];1.0
x[0,1,1,3];0.0
x[0,1,2,0];0.0
x[0,1,2,1];0.0
x[0,1,2,2];0.0
x[0,1,2,3];0.0
x[0,1,3,0];0.0
x[0,1,3,1];0.0
x[0,1,3,2];0.0
x[0,1,3,3];0.0
x[0,1,4,0];0.0
x[0,1,4,1];1.0
x[0,1,4,2];1.0
x[0,1,4,3];0.0
x[0,1,5,0];0.0
x[0,1,5,1];0.0
x[0,1,5,2];1.0
x[0,1,5,3];0.0
x[0,1,6,0];0.0
x[0,1,6,1];0.0
x[0,1,6,2];0.0
x[0,1,6,3];1.0
x[0,1,7,0];1.0
x[0,1,7,1];1.0
x[0,1,7,2];0.0
x[0,1,7,3];1.0
x[0,2,0,0];1.0
x[0,2,0,1];1.0
x[0,2,0,2];0.0
x[0,2,0,3];0.0
x[0,2,1,0];0.0
x[0,2,1,1];0.0
x[0,2,1,2];0.0
x[0,2,1,3];0.0
x[0,2,2,0];0.0
x[0,2,2,1];0.0
x[0,2,2,2];1.0
x[0,2,2,3];0.0
x[0,2,3,0];0.0
x[0,2,3,1];0.0
x[0,2,3,2];0.0
x[0,2,3,3];0.0
x[0,2,4,0];1.0
x[0,2,4,1];0.0
x[0,2,4,2];1.0
x[0,2,4,3];0.0
x[0,2,5,0];0.0
x[0,2,5,1];0.0
x[0,2,5,2];0.0
x[0,2,5,3];1.0
x[0,2,6,0];0.0
x[0,2,6,1];1.0
x[0,2,6,2];0.0
x[0,2,6,3];0.0
x[0,2,7,0];0.0
x[0,2,7,1];0.0
x[0,2,7,2];1.0
x[0,2,7,3];0.0
x[0,3,0,0];1.0
x[0,3,0,1];1.0
x[0,3,0,2];1.0
x[0,3,0,3];0.0
x[0,3,1,0];0.0
x[0,3,1,1];1.0
x[0,3,1,2];0.0
x[0,3,1,3];0.0
x[0,3,2,0];0.0
x[0,3,2,1];1.0
x[0,3,2,2];0.0
x[0,3,2,3];0.0
x[0,3,3,0];0.0
x[0,3,3,1];0.0
x[0,3,3,2];0.0
x[0,3,3,3];0.0
x[0,3,4,0];0.0
x[0,3,4,1];0.0
x[0,3,4,2];0.0
x[0,3,4,3];0.0
x[0,3,5,0];0.0
x[0,3,5,1];0.0
x[0,3,5,2];0.0
x[0,3,5,3];0.0
x[0,3,6,0];0.0
x[0,3,6,1];0.0
x[0,3,6,2];0.0
x[0,3,6,3];0.0
x[0,3,7,0];0.0
x[0,3,7,1];0.0
x[0,3,7,2];0.0
x[0,3,7,3];0.0
x[1,0,0,0];0.0
x[1,0,0,1];0.0
x[1,0,0,2];0.0
x[1,0,0,3];0.0
x[1,0,1,0];0.0
x[1,0,1,1];0.0
x[1,0,1,2];0.0
x[1,0,1,3];1.0
x[1,0,2,0];0.0
x[1,0,2,1];0.0
x[1,0,2,2];0.0
x[1,0,2,3];0.0
x[1,0,3,0];0.0
x[1,0,3,1];0.0
x[1,0,3,2];0.0
x[1,0,3,3];0.0
x[1,0,4,0];0.0
x[1,0,4,1];0.0
x[1,0,4,2];0.0
x[1,0,4,3];0.0
x[1,0,5,0];0.0
x[1,0,5,1];0.0
x[1,0,5,2];0.0
x[1,0,5,3];0.0
x[1,0,6,0];1.0
x[1,0,6,1];0.0
x[1,0,6,2];0.0
x[1,0,6,3];0.0
x[1,0,7,0];0.0
x[1,0,7,1];0.0
x[1,0,7,2];0.0
x[1,0,7,3];1.0
x[1,1,0,0];0.0
x[1,1,0,1];0.0
x[1,1,0,2];0.0
x[1,1,0,3];0.0
x[1,1,1,0];1.0
x[1,1,1,1];0.0
x[1,1,1,2];0.0
x[1,1,1,3];0.0
x[1,1,2,0];0.0
x[1,1,2,1];0.0
x[1,1,2,2];1.0
x[1,1,2,3];0.0
x[1,1,3,0];0.0
x[1,1,3,1];0.0
x[1,1,3,2];0.0
x[1,1,3,3];1.0
x[1,1,4,0];1.0
x[1,1,4,1];1.0
x[1,1,4,2];0.0
x[1,1,4,3];1.0
x[1,1,5,0];1.0
x[1,1,5,1];0.0
x[1,1,5,2];0.0
x[1,1,5,3];1.0
x[1,1,6,0];0.0
x[1,1,6,1];0.0
x[1,1,6,2];1.0
x[1,1,6,3];0.0
x[1,1,7,0];0.0
x[1,1,7,1];0.0
x[1,1,7,2];1.0
x[1,1,7,3];0.0
x[1,2,0,0];0.0
x[1,2,0,1];0.0
x[1,2,0,2];0.0
x[1,2,0,3];0.0
x[1,2,1,0];1.0
x[1,2,1,1];1.0
x[1,2,1,2];0.0
x[1,2,1,3];0.0
x[1,2,2,0];0.0
x[1,2,2,1];0.0
x[1,2,2,2];0.0
x[1,2,2,3];0.0
x[1,2,3,0];0.0
x[1,2,3,1];0.0
x[1,2,3,2];0.0
x[1,2,3,3];0.0
x[1,2,4,0];0.0
x[1,2,4,1];0.0
x[1,2,4,2];0.0
x[1,2,4,3];0.0
x[1,2,5,0];0.0
x[1,2,5,1];0.0
x[1,2,5,2];0.0
x[1,2,5,3];0.0
x[1,2,6,0];0.0
x[1,2,6,1];0.0
x[1,2,6,2];0.0
x[1,2,6,3];0.0
x[1,2,7,0];0.0
x[1,2,7,1];0.0
x[1,2,7,2];0.0
x[1,2,7,3];0.0
x[1,3,0,0];0.0
x[1,3,0,1];0.0
x[1,3,0,2];0.0
x[1,3,0,3];0.0
x[1,3,1,0];0.0
x[1,3,1,1];1.0
x[1,3,1,2];1.0
x[1,3,1,3];0.0
x[1,3,2,0];0.0
x[1,3,2,1];0.0
x[1,3,2,2];1.0
x[1,3,2,3];0.0
x[1,3,3,0];0.0
x[1,3,3,1];0.0
x[1,3,3,2];0.0
x[1,3,3,3];0.0
x[1,3,4,0];0.0
x[1,3,4,1];0.0
x[1,3,4,2];0.0
x[1,3,4,3];0.0
x[1,3,5,0];0.0
x[1,3,5,1];0.0
x[1,3,5,2];0.0
x[1,3,5,3];0.0
x[1,3,6,0];0.0
x[1,3,6,1];1.0
x[1,3,6,2];0.0
x[1,3,6,3];1.0
x[1,3,7,0];0.0
x[1,3,7,1];1.0
x[1,3,7,2];0.0
x[1,3,7,3];0.0
x[2,0,0,0];0.0
x[2,0,0,1];0.0
x[2,0,0,2];0.0
x[2,0,0,3];0.0
x[2,0,1,0];0.0
x[2,0,1,1];0.0
x[2,0,1,2];0.0
x[2,0,1,3];0.0
x[2,0,2,0];0.0
x[2,0,2,1];1.0
x[2,0,2,2];0.0
x[2,0,2,3];0.0
x[2,0,3,0];0.0
x[2,0,3,1];0.0
x[2,0,3,2];1.0
x[2,0,3,3];1.0
x[2,0,4,0];0.0
x[2,0,4,1];1.0
x[2,0,4,2];0.0
x[2,0,4,3];1.0
x[2,0,5,0];0.0
x[2,0,5,1];0.0
x[2,0,5,2];0.0
x[2,0,5,3];1.0
x[2,0,6,0];0.0
x[2,0,6,1];1.0
x[2,0,6,2];0.0
x[2,0,6,3];0.0
x[2,0,7,0];0.0
x[2,0,7,1];1.0
x[2,0,7,2];0.0
x[2,0,7,3];1.0
x[2,1,0,0];0.0
x[2,1,0,1];0.0
x[2,1,0,2];0.0
x[2,1,0,3];0.0
x[2,1,1,0];0.0
x[2,1,1,1];0.0
x[2,1,1,2];0.0
x[2,1,1,3];0.0
x[2,1,2,0];0.0
x[2,1,2,1];0.0
x[2,1,2,2];0.0
x[2,1,2,3];1.0
x[2,1,3,0];1.0
x[2,1,3,1];0.0
x[2,1,3,2];1.0
x[2,1,3,3];1.0
x[2,1,4,0];1.0
x[2,1,4,1];0.0
x[2,1,4,2];0.0
x[2,1,4,3];1.0
x[2,1,5,0];1.0
x[2,1,5,1];1.0
x[2,1,5,2];1.0
x[2,1,5,3];0.0
x[2,1,6,0];0.0
x[2,1,6,1];0.0
x[2,1,6,2];0.0
x[2,1,6,3];0.0
x[2,1,7,0];0.0
x[2,1,7,1];1.0
x[2,1,7,2];0.0
x[2,1,7,3];0.0
x[2,2,0,0];0.0
x[2,2,0,1];0.0
x[2,2,0,2];0.0
x[2,2,0,3];0.0
x[2,2,1,0];0.0
x[2,2,1,1];0.0
x[2,2,1,2];0.0
x[2,2,1,3];0.0
x[2,2,2,0];1.0
x[2,2,2,1];0.0
x[2,2,2,2];0.0
x[2,2,2,3];0.0
x[2,2,3,0];0.0
x[2,2,3,1];1.0
x[2,2,3,2];0.0
x[2,2,3,3];0.0
x[2,2,4,0];1.0
x[2,2,4,1];1.0
x[2,2,4,2];1.0
x[2,2,4,3];0.0
x[2,2,5,0];0.0
x[2,2,5,1];0.0
x[2,2,5,2];0.0
x[2,2,5,3];1.0
x[2,2,6,0];1.0
x[2,2,6,1];1.0
x[2,2,6,2];0.0
x[2,2,6,3];1.0
x[2,2,7,0];0.0
x[2,2,7,1];0.0
x[2,2,7,2];1.0
x[2,2,7,3];0.0
x[2,3,0,0];0.0
x[2,3,0,1];0.0
x[2,3,0,2];0.0
x[2,3,0,3];0.0
x[2,3,1,0];0.0
x[2,3,1,1];0.0
x[2,3,1,2];0.0
x[2,3,1,3];0.0
x[2,3,2,0];1.0
x[2,3,2,1];0.0
x[2,3,2,2];1.0
x[2,3,2,3];0.0
x[2,3,3,0];0.0
x[2,3,3,1];0.0
x[2,3,3,2];0.0
x[2,3,3,3];1.0
x[2,3,4,0];0.0
x[2,3,4,1];1.0
x[2,3,4,2];0.0
x[2,3,4,3];0.0
x[2,3,5,0];0.0
x[2,3,5,1];0.0
x[2,3,5,2];1.0
x[2,3,5,3];0.0
x[2,3,6,0];0.0
x[2,3,6,1];0.0
x[2,3,6,2];0.0
x[2,3,6,3];0.0
x[2,3,7,0];0.0
x[2,3,7,1];0.0
x[2,3,7,2];0.0
x[2,3,7,3];0.0
x[3,0,0,0];0.0
x[3,0,0,1];0.0
x[3,0,0,2];0.0
x[3,0,0,3];0.0
x[3,0,1,0];0.0
x[3,0,1,1];0.0
x[3,0,1,2];0.0
x[3,0,1,3];0.0
x[3,0,2,0];0.0
x[3,0,2,1];0.0
x[3,0,2,2];0.0
x[3,0,2,3];0.0
x[3,0,3,0];0.0
x[3,0,3,1];1.0
x[3,0,3,2];0.0
x[3,0,3,3];0.0
x[3,0,4,0];0.0
x[3,0,4,1];0.0
x[3,0,4,2];0.0
x[3,0,4,3];0.0
x[3,0,5,0];0.0
x[3,0,5,1];1.0
x[3,0,5,2];0.0
x[3,0,5,3];1.0
x[3,0,6,0];1.0
x[3,0,6,1];0.0
x[3,0,6,2];0.0
x[3,0,6,3];0.0
x[3,0,7,0];0.0
x[3,0,7,1];0.0
x[3,0,7,2];0.0
x[3,0,7,3];0.0
x[3,1,0,0];0.0
x[3,1,0,1];0.0
x[3,1,0,2];0.0
x[3,1,0,3];0.0
x[3,1,1,0];0.0
x[3,1,1,1];0.0
x[3,1,1,2];0.0
x[3,1,1,3];0.0
x[3,1,2,0];0.0
x[3,1,2,1];0.0
x[3,1,2,2];0.0
x[3,1,2,3];0.0
x[3,1,3,0];0.0
x[3,1,3,1];0.0
x[3,1,3,2];0.0
x[3,1,3,3];0.0
x[3,1,4,0];0.0
x[3,1,4,1];0.0
x[3,1,4,2];0.0
x[3,1,4,3];0.0
x[3,1,5,0];1.0
x[3,1,5,1];0.0
x[3,1,5,2];0.0
x[3,1,5,3];0.0
x[3,1,6,0];0.0
x[3,1,6,1];0.0
x[3,1,6,2];0.0
x[3,1,6,3];0.0
x[3,1,7,0];0.0
x[3,1,7,1];0.0
x[3,1,7,2];0.0
x[3,1,7,3];0.0
x[3,2,0,0];0.0
x[3,2,0,1];0.0
x[3,2,0,2];0.0
x[3,2,0,3];0.0
x[3,2,1,0];0.0
x[3,2,1,1];0.0
x[3,2,1,2];0.0
x[3,2,1,3];0.0
x[3,2,2,0];0.0
x[3,2,2,1];0.0
x[3,2,2,2];0.0
x[3,2,2,3];0.0
x[3,2,3,0];1.0
x[3,2,3,1];1.0
x[3,2,3,2];0.0
x[3,2,3,3];0.0
x[3,2,4,0];0.0
x[3,2,4,1];0.0
x[3,2,4,2];0.0
x[3,2,4,3];1.0
x[3,2,5,0];0.0
x[3,2,5,1];0.0
x[3,2,5,2];0.0
x[3,2,5,3];0.0
x[3,2,6,0];0.0
x[3,2,6,1];0.0
x[3,2,6,2];0.0
x[3,2,6,3];0.0
x[3,2,7,0];0.0
x[3,2,7,1];1.0
x[3,2,7,2];0.0
x[3,2,7,3];0.0
x[3,3,0,0];0.0
x[3,3,0,1];0.0
x[3,3,0,2];0.0
x[3,3,0,3];0.0
x[3,3,1,0];0.0
x[3,3,1,1];0.0
x[3,3,1,2];0.0
x[3,3,1,3];0.0
x[3,3,2,0];0.0
x[3,3,2,1];0.0
x[3,3,2,2];0.0
x[3,3,2,3];0.0
x[3,3,3,0];1.0
x[3,3,3,1];1.0
x[3,3,3,2];1.0
x[3,3,3,3];0.0
x[3,3,4,0];0.0
x[3,3,4,1];0.0
x[3,3,4,2];0.0
x[3,3,4,3];0.0
x[3,3,5,0];0.0
x[3,3,5,1];0.0
x[3,3,5,2];0.0
x[3,3,5,3];1.0
x[3,3,6,0];0.0
x[3,3,6,1];1.0
x[3,3,6,2];1.0
x[3,3,6,3];0.0
x[3,3,7,0];0.0
x[3,3,7,1];0.0
x[3,3,7,2];0.0
x[3,3,7,3];1.0
x[4,0,0,0];0.0
x[4,0,0,1];0.0
x[4,0,0,2];0.0
x[4,0,0,3];0.0
x[4,0,1,0];0.0
x[4,0,1,1];0.0
x[4,0,1,2];0.0
x[4,0,1,3];0.0
x[4,0,2,0];0.0
x[4,0,2,1];0.0
x[4,0,2,2];0.0
x[4,0,2,3];0.0
x[4,0,3,0];0.0
x[4,0,3,1];0.0
x[4,0,3,2];0.0
x[4,0,3,3];0.0
x[4,0,4,0];0.0
x[4,0,4,1];0.0
x[4,0,4,2];1.0
x[4,0,4,3];0.0
x[4,0,5,0];0.0
x[4,0,5,1];1.0
x[4,0,5,2];0.0
x[4,0,5,3];0.0
x[4,0,6,0];0.0
x[4,0,6,1];0.0
x[4,0,6,2];1.0
x[4,0,6,3];0.0
x[4,0,7,0];1.0
x[4,0,7,1];0.0
x[4,0,7,2];0.0
x[4,0,7,3];0.0
x[4,1,0,0];0.0
x[4,1,0,1];0.0
x[4,1,0,2];0.0
x[4,1,0,3];0.0
x[4,1,1,0];0.0
x[4,1,1,1];0.0
x[4,1,1,2];0.0
x[4,1,1,3];0.0
x[4,1,2,0];0.0
x[4,1,2,1];0.0
x[4,1,2,2];0.0
x[4,1,2,3];0.0
x[4,1,3,0];0.0
x[4,1,3,1];0.0
x[4,1,3,2];0.0
x[4,1,3,3];0.0
x[4,1,4,0];1.0
x[4,1,4,1];0.0
x[4,1,4,2];0.0
x[4,1,4,3];0.0
x[4,1,5,0];0.0
x[4,1,5,1];1.0
x[4,1,5,2];0.0
x[4,1,5,3];0.0
x[4,1,6,0];0.0
x[4,1,6,1];0.0
x[4,1,6,2];0.0
x[4,1,6,3];0.0
x[4,1,7,0];1.0
x[4,1,7,1];0.0
x[4,1,7,2];0.0
x[4,1,7,3];0.0
x[4,2,0,0];0.0
x[4,2,0,1];0.0
x[4,2,0,2];0.0
x[4,2,0,3];0.0
x[4,2,1,0];0.0
x[4,2,1,1];0.0
x[4,2,1,2];0.0
x[4,2,1,3];0.0
x[4,2,2,0];0.0
x[4,2,2,1];0.0
x[4,2,2,2];0.0
x[4,2,2,3];0.0
x[4,2,3,0];0.0
x[4,2,3,1];0.0
x[4,2,3,2];0.0
x[4,2,3,3];0.0
x[4,2,4,0];0.0
x[4,2,4,1];0.0
x[4,2,4,2];0.0
x[4,2,4,3];0.0
x[4,2,5,0];0.0
x[4,2,5,1];0.0
x[4,2,5,2];0.0
x[4,2,5,3];0.0
x[4,2,6,0];0.0
x[4,2,6,1];0.0
x[4,2,6,2];0.0
x[4,2,6,3];0.0
x[4,2,7,0];0.0
x[4,2,7,1];0.0
x[4,2,7,2];0.0
x[4,2,7,3];0.0
x[4,3,0,0];0.0
x[4,3,0,1];0.0
x[4,3,0,2];0.0
x[4,3,0,3];0.0
x[4,3,1,0];0.0
x[4,3,1,1];0.0
x[4,3,1,2];0.0
x[4,3,1,3];0.0
x[4,3,2,0];0.0
x[4,3,2,1];0.0
x[4,3,2,2];0.0
x[4,3,2,3];0.0
x[4,3,3,0];0.0
x[4,3,3,1];0.0
x[4,3,3,2];0.0
x[4,3,3,3];0.0
x[4,3,4,0];1.0
x[4,3,4,1];1.0
x[4,3,4,2];1.0
x[4,3,4,3];0.0
x[4,3,5,0];0.0
x[4,3,5,1];0.0
x[4,3,5,2];0.0
x[4,3,5,3];0.0
x[4,3,6,0];1.0
x[4,3,6,1];0.0
x[4,3,6,2];0.0
x[4,3,6,3];0.0
x[4,3,7,0];1.0
x[4,3,7,1];0.0
x[4,3,7,2];0.0
x[4,3,7,3];0.0
x[5,0,0,0];0.0
x[5,0,0,1];0.0
x[5,0,0,2];0.0
x[5,0,0,3];0.0
x[5,0,1,0];0.0
x[5,0,1,1];0.0
x[5,0,1,2];0.0
x[5,0,1,3];0.0
x[5,0,2,0];0.0
x[5,0,2,1];0.0
x[5,0,2,2];0.0
x[5,0,2,3];0.0
x[5,0,3,0];0.0
x[5,0,3,1];0.0
x[5,0,3,2];0.0
x[5,0,3,3];0.0
x[5,0,4,0];0.0
x[5,0,4,1];0.0
x[5,0,4,2];0.0
x[5,0,4,3];0.0
x[5,0,5,0];0.0
x[5,0,5,1];1.0
x[5,0,5,2];0.0
x[5,0,5,3];0.0
x[5,0,6,0];0.0
x[5,0,6,1];0.0
x[5,0,6,2];0.0
x[5,0,6,3];0.0
x[5,0,7,0];0.0
x[5,0,7,1];0.0
x[5,0,7,2];0.0
x[5,0,7,3];1.0
x[5,1,0,0];0.0
x[5,1,0,1];0.0
x[5,1,0,2];0.0
x[5,1,0,3];0.0
x[5,1,1,0];0.0
x[5,1,1,1];0.0
x[5,1,1,2];0.0
x[5,1,1,3];0.0
x[5,1,2,0];0.0
x[5,1,2,1];0.0
x[5,1,2,2];0.0
x[5,1,2,3];0.0
x[5,1,3,0];0.0
x[5,1,3,1];0.0
x[5,1,3,2];0.0
x[5,1,3,3];0.0
x[5,1,4,0];0.0
x[5,1,4,1];0.0
x[5,1,4,2];0.0
x[5,1,4,3];0.0
x[5,1,5,0];0.0
x[5,1,5,1];0.0
x[5,1,5,2];0.0
x[5,1,5,3];0.0
x[5,1,6,0];0.0
x[5,1,6,1];0.0
x[5,1,6,2];0.0
x[5,1,6,3];0.0
x[5,1,7,0];0.0
x[5,1,7,1];0.0
x[5,1,7,2];0.0
x[5,1,7,3];0.0
x[5,2,0,0];0.0
x[5,2,0,1];0.0
x[5,2,0,2];0.0
x[5,2,0,3];0.0
x[5,2,1,0];0.0
x[5,2,1,1];0.0
x[5,2,1,2];0.0
x[5,2,1,3];0.0
x[5,2,2,0];0.0
x[5,2,2,1];0.0
x[5,2,2,2];0.0
x[5,2,2,3];0.0
x[5,2,3,0];0.0
x[5,2,3,1];0.0
x[5,2,3,2];0.0
x[5,2,3,3];0.0
x[5,2,4,0];0.0
x[5,2,4,1];0.0
x[5,2,4,2];0.0
x[5,2,4,3];0.0
x[5,2,5,0];1.0
x[5,2,5,1];1.0
x[5,2,5,2];0.0
x[5,2,5,3];0.0
x[5,2,6,0];0.0
x[5,2,6,1];0.0
x[5,2,6,2];0.0
x[5,2,6,3];0.0
x[5,2,7,0];0.0
x[5,2,7,1];0.0
x[5,2,7,2];0.0
x[5,2,7,3];0.0
x[5,3,0,0];0.0
x[5,3,0,1];0.0
x[5,3,0,2];0.0
x[5,3,0,3];0.0
x[5,3,1,0];0.0
x[5,3,1,1];0.0
x[5,3,1,2];0.0
x[5,3,1,3];0.0
x[5,3,2,0];0.0
x[5,3,2,1];0.0
x[5,3,2,2];0.0
x[5,3,2,3];0.0
x[5,3,3,0];0.0
x[5,3,3,1];0.0
x[5,3,3,2];0.0
x[5,3,3,3];0.0
x[5,3,4,0];0.0
x[5,3,4,1];0.0
x[5,3,4,2];0.0
x[5,3,4,3];0.0
x[5,3,5,0];1.0
x[5,3,5,1];1.0
x[5,3,5,2];0.0
x[5,3,5,3];0.0
x[5,3,6,0];0.0
x[5,3,6,1];0.0
x[5,3,6,2];0.0
x[5,3,6,3];0.0
x[5,3,7,0];1.0
x[5,3,7,1];0.0
x[5,3,7,2];0.0
x[5,3,7,3];0.0
x[6,0,0,0];0.0
x[6,0,0,1];0.0
x[6,0,0,2];0.0
x[6,0,0,3];0.0
x[6,0,1,0];0.0
x[6,0,1,1];0.0
x[6,0,1,2];0.0
x[6,0,1,3];0.0
x[6,0,2,0];0.0
x[6,0,2,1];0.0
x[6,0,2,2];0.0
x[6,0,2,3];0.0
x[6,0,3,0];0.0
x[6,0,3,1];0.0
x[6,0,3,2];0.0
x[6,0,3,3];0.0
x[6,0,4,0];0.0
x[6,0,4,1];0.0
x[6,0,4,2];0.0
x[6,0,4,3];0.0
x[6,0,5,0];0.0
x[6,0,5,1];0.0
x[6,0,5,2];0.0
x[6,0,5,3];0.0
x[6,0,6,0];0.0
x[6,0,6,1];1.0
x[6,0,6,2];0.0
x[6,0,6,3];1.0
x[6,0,7,0];1.0
x[6,0,7,1];1.0
x[6,0,7,2];0.0
x[6,0,7,3];1.0
x[6,1,0,0];0.0
x[6,1,0,1];0.0
x[6,1,0,2];0.0
x[6,1,0,3];0.0
x[6,1,1,0];0.0
x[6,1,1,1];0.0
x[6,1,1,2];0.0
x[6,1,1,3];0.0
x[6,1,2,0];0.0
x[6,1,2,1];0.0
x[6,1,2,2];0.0
x[6,1,2,3];0.0
x[6,1,3,0];0.0
x[6,1,3,1];0.0
x[6,1,3,2];0.0
x[6,1,3,3];0.0
x[6,1,4,0];0.0
x[6,1,4,1];0.0
x[6,1,4,2];0.0
x[6,1,4,3];0.0
x[6,1,5,0];0.0
x[6,1,5,1];0.0
x[6,1,5,2];0.0
x[6,1,5,3];0.0
x[6,1,6,0];0.0
x[6,1,6,1];0.0
x[6,1,6,2];1.0
x[6,1,6,3];0.0
x[6,1,7,0];0.0
x[6,1,7,1];0.0
x[6,1,7,2];0.0
x[6,1,7,3];0.0
x[6,2,0,0];0.0
x[6,2,0,1];0.0
x[6,2,0,2];0.0
x[6,2,0,3];0.0
x[6,2,1,0];0.0
x[6,2,1,1];0.0
x[6,2,1,2];0.0
x[6,2,1,3];0.0
x[6,2,2,0];0.0
x[6,2,2,1];0.0
x[6,2,2,2];0.0
x[6,2,2,3];0.0
x[6,2,3,0];0.0
x[6,2,3,1];0.0
x[6,2,3,2];0.0
x[6,2,3,3];0.0
x[6,2,4,0];0.0
x[6,2,4,1];0.0
x[6,2,4,2];0.0
x[6,2,4,3];0.0
x[6,2,5,0];0.0
x[6,2,5,1];0.0
x[6,2,5,2];0.0
x[6,2,5,3];0.0
x[6,2,6,0];1.0
x[6,2,6,1];0.0
x[6,2,6,2];0.0
x[6,2,6,3];0.0
x[6,2,7,0];0.0
x[6,2,7,1];0.0
x[6,2,7,2];1.0
x[6,2,7,3];0.0
x[6,3,0,0];0.0
x[6,3,0,1];0.0
x[6,3,0,2];0.0
x[6,3,0,3];0.0
x[6,3,1,0];0.0
x[6,3,1,1];0.0
x[6,3,1,2];0.0
x[6,3,1,3];0.0
x[6,3,2,0];0.0
x[6,3,2,1];0.0
x[6,3,2,2];0.0
x[6,3,2,3];0.0
x[6,3,3,0];0.0
x[6,3,3,1];0.0
x[6,3,3,2];0.0
x[6,3,3,3];0.0
x[6,3,4,0];0.0
x[6,3,4,1];0.0
x[6,3,4,2];0.0
x[6,3,4,3];0.0
x[6,3,5,0];0.0
x[6,3,5,1];0.0
x[6,3,5,2];0.0
x[6,3,5,3];0.0
x[6,3,6,0];0.0
x[6,3,6,1];1.0
x[6,3,6,2];1.0
x[6,3,6,3];0.0
x[6,3,7,0];1.0
x[6,3,7,1];1.0
x[6,3,7,2];0.0
x[6,3,7,3];1.0
x[7,0,0,0];0.0
x[7,0,0,1];0.0
x[7,0,0,2];0.0
x[7,0,0,3];0.0
x[7,0,1,0];0.0
x[7,0,1,1];0.0
x[7,0,1,2];0.0
x[7,0,1,3];0.0
x[7,0,2,0];0.0
x[7,0,2,1];0.0
x[7,0,2,2];0.0
x[7,0,2,3];0.0
x[7,0,3,0];0.0
x[7,0,3,1];0.0
x[7,0,3,2];0.0
x[7,0,3,3];0.0
x[7,0,4,0];0.0
x[7,0,4,1];0.0
x[7,0,4,2];0.0
x[7,0,4,3];0.0
x[7,0,5,0];0.0
x[7,0,5,1];0.0
x[7,0,5,2];0.0
x[7,0,5,3];0.0
x[7,0,6,0];0.0
x[7,0,6,1];0.0
x[7,0,6,2];0.0
x[7,0,6,3];0.0
x[7,0,7,0];0.0
x[7,0,7,1];0.0
x[7,0,7,2];0.0
x[7,0,7,3];1.0
x[7,1,0,0];0.0
x[7,1,0,1];0.0
x[7,1,0,2];0.0
x[7,1,0,3];0.0
x[7,1,1,0];0.0
x[7,1,1,1];0.0
x[7,1,1,2];0.0
x[7,1,1,3];0.0
x[7,1,2,0];0.0
x[7,1,2,1];0.0
x[7,1,2,2];0.0
x[7,1,2,3];0.0
x[7,1,3,0];0.0
x[7,1,3,1];0.0
x[7,1,3,2];0.0
x[7,1,3,3];0.0
x[7,1,4,0];0.0
x[7,1,4,1];0.0
x[7,1,4,2];0.0
x[7,1,4,3];0.0
x[7,1,5,0];0.0
x[7,1,5,1];0.0
x[7,1,5,2];0.0
x[7,1,5,3];0.0
x[7,1,6,0];0.0
x[7,1,6,1];0.0
x[7,1,6,2];0.0
x[7,1,6,3];0.0
x[7,1,7,0];1.0
x[7,1,7,1];0.0
x[7,1,7,2];0.0
x[7,1,7,3];1.0
x[7,2,0,0];0.0
x[7,2,0,1];0.0
x[7,2,0,2];0.0
x[7,2,0,3];0.0
x[7,2,1,0];0.0
x[7,2,1,1];0.0
x[7,2,1,2];0.0
x[7,2,1,3];0.0
x[7,2,2,0];0.0
x[7,2,2,1];0.0
x[7,2,2,2];0.0
x[7,2,2,3];0.0
x[7,2,3,0];0.0
x[7,2,3,1];0.0
x[7,2,3,2];0.0
x[7,2,3,3];0.0
x[7,2,4,0];0.0
x[7,2,4,1];0.0
x[7,2,4,2];0.0
x[7,2,4,3];0.0
x[7,2,5,0];0.0
x[7,2,5,1];0.0
x[7,2,5,2];0.0
x[7,2,5,3];0.0
x[7,2,6,0];0.0
x[7,2,6,1];0.0
x[7,2,6,2];0.0
x[7,2,6,3];0.0
x[7,2,7,0];1.0
x[7,2,7,1];1.0
x[7,2,7,2];0.0
x[7,2,7,3];0.0
x[7,3,0,0];0.0
x[7,3,0,1];0.0
x[7,3,0,2];0.0
x[7,3,0,3];0.0
x[7,3,1,0];0.0
x[7,3,1,1];0.0
x[7,3,1,2];0.0
x[7,3,1,3];0.0
x[7,3,2,0];0.0
x[7,3,2,1];0.0
x[7,3,2,2];0.0
x[7,3,2,3];0.0
x[7,3,3,0];0.0
x[7,3,3,1];0.0
x[7,3,3,2];0.0
x[7,3,3,3];0.0
x[7,3,4,0];0.0
x[7,3,4,1];0.0
x[7,3,4,2];0.0
x[7,3,4,3];0.0
x[7,3,5,0];0.0
x[7,3,5,1];0.0
x[7,3,5,2];0.0
x[7,3,5,3];0.0
x[7,3,6,0];0.0
x[7,3,6,1];0.0
x[7,3,6,2];0.0
x[7,3,6,3];0.0
x[7,3,7,0];0.0
x[7,3,7,1];0.0
x[7,3,7,2];1.0
x[7,3,7,3];0.0
y[0,0,3];0.0
y[0,0,5];1.0
y[0,0,6];0.0
y[0,1,0];1.0
y[0,1,2];0.0
y[0,1,4];0.0
y[0,2,2];0.0
y[0,2,3];0.0
y[0,2,6];1.0
y[0,3,2];0.0
y[0,3,3];0.0
y[0,3,4];1.0
y[1,0,1];1.0
y[1,0,4];0.0
y[1,0,6];0.0
y[1,1,0];0.0
y[1,1,1];0.0
y[1,1,2];1.0
y[1,2,2];0.0
y[1,2,4];1.0
y[1,2,6];0.0
y[1,3,1];0.0
y[1,3,4];0.0
y[1,3,5];1.0
y[2,0,0];0.0
y[2,0,2];1.0
y[2,0,5];0.0
y[2,1,2];1.0
y[2,1,5];0.0
y[2,1,6];0.0
y[2,2,0];0.0
y[2,2,3];1.0
y[2,2,4];0.0
y[2,3,2];0.0
y[2,3,3];0.0
y[2,3,6];1.0
y[3,0,1];0.0
y[3,0,4];0.0
y[3,0,5];1.0
y[3,1,3];0.0
y[3,1,4];1.0
y[3,1,5];0.0
y[3,2,2];0.0
y[3,2,4];1.0
y[3,2,6];0.0
y[3,3,0];0.0
y[3,3,4];0.0
y[3,3,6];1.0
y[4,0,0];0.0
y[4,0,3];1.0
y[4,0,5];0.0
y[4,1,0];1.0
y[4,1,5];0.0
y[4,1,6];0.0
y[4,2,2];0.0
y[4,2,3];1.0
y[4,2,4];0.0
y[4,3,1];0.0
y[4,3,2];1.0
y[4,3,5];0.0
y[5,0,0];1.0
y[5,0,1];0.0
y[5,0,5];0.0
y[5,1,1];0.0
y[5,1,4];0.0
y[5,1,5];1.0
y[5,2,1];0.0
y[5,2,4];0.0
y[5,2,6];1.0
y[5,3,0];0.0
y[5,3,3];0.0
y[5,3,5];1.0
y[6,0,2];0.0
y[6,0,3];0.0
y[6,0,4];1.0
y[6,1,0];0.0
y[6,1,2];0.0
y[6,1,4];1.0
y[6,2,0];1.0
y[6,2,2];0.0
y[6,2,5];0.0
y[6,3,2];0.0
y[6,3,4];0.0
y[6,3,6];1.0
y[7,0,1];1.0
y[7,0,4];0.0
y[7,0,5];0.0
y[7,1,2];1.0
y[7,1,3];0.0
y[7,1,4];0.0
y[7,2,0];0.0
y[7,2,3];1.0
y[7,2,4];0.0
y[7,3,1];1.0
y[7,3,2];0.0
y[7,3,4];0.0
